time,total_fix,loc1start,loc2start,loc3start,screen,sub
0,0,,,,,ec105
100,2,0.0,0.0,0.0,1.0,ec105
200,4,0.0,0.0,0.0,1.0,ec105
300,43,0.13953488372093023,0.6046511627906976,0.18604651162790697,0.06976744186046512,ec105
400,43,0.16279069767441862,0.5813953488372093,0.20930232558139536,0.046511627906976744,ec105
500,43,0.16279069767441862,0.5348837209302325,0.23255813953488372,0.06976744186046512,ec105
600,37,0.24324324324324326,0.40540540540540543,0.2702702702702703,0.08108108108108109,ec105
700,36,0.6111111111111112,0.1111111111111111,0.2222222222222222,0.05555555555555555,ec105
800,42,0.7857142857142857,0.047619047619047616,0.09523809523809523,0.07142857142857142,ec105
900,46,0.717391304347826,0.10869565217391304,0.10869565217391304,0.06521739130434782,ec105
1000,44,0.7272727272727273,0.1590909090909091,0.06818181818181818,0.045454545454545456,ec105
1100,47,0.6382978723404256,0.1702127659574468,0.14893617021276595,0.0425531914893617,ec105
1200,43,0.6744186046511628,0.16279069767441862,0.13953488372093023,0.023255813953488372,ec105
1300,43,0.5581395348837209,0.16279069767441862,0.23255813953488372,0.046511627906976744,ec105
1400,48,0.4791666666666667,0.20833333333333334,0.25,0.0625,ec105
1500,46,0.5,0.21739130434782608,0.1956521739130435,0.08695652173913043,ec105
1600,44,0.4772727272727273,0.20454545454545456,0.2727272727272727,0.045454545454545456,ec105
1700,46,0.4782608695652174,0.17391304347826086,0.30434782608695654,0.043478260869565216,ec105
1800,41,0.5365853658536586,0.12195121951219512,0.2926829268292683,0.04878048780487805,ec105
1900,42,0.5714285714285714,0.07142857142857142,0.2857142857142857,0.07142857142857142,ec105
2000,44,0.5681818181818182,0.13636363636363635,0.22727272727272727,0.06818181818181818,ec105
2100,43,0.5348837209302325,0.11627906976744186,0.27906976744186046,0.06976744186046512,ec105
2200,46,0.5434782608695652,0.10869565217391304,0.30434782608695654,0.043478260869565216,ec105
2300,43,0.5348837209302325,0.13953488372093023,0.27906976744186046,0.046511627906976744,ec105
2400,45,0.6,0.13333333333333333,0.24444444444444444,0.022222222222222223,ec105
2500,43,0.6046511627906976,0.16279069767441862,0.18604651162790697,0.046511627906976744,ec105
2600,47,0.6170212765957447,0.1276595744680851,0.19148936170212766,0.06382978723404255,ec105
2700,46,0.6521739130434783,0.10869565217391304,0.21739130434782608,0.021739130434782608,ec105
2800,45,0.6,0.13333333333333333,0.24444444444444444,0.022222222222222223,ec105
2900,49,0.5918367346938775,0.14285714285714285,0.22448979591836735,0.04081632653061224,ec105
3000,47,0.6170212765957447,0.1702127659574468,0.1702127659574468,0.0425531914893617,ec105
3100,46,0.5869565217391305,0.1956521739130435,0.17391304347826086,0.043478260869565216,ec105
3200,46,0.6086956521739131,0.1956521739130435,0.13043478260869565,0.06521739130434782,ec105
3300,46,0.6739130434782609,0.17391304347826086,0.10869565217391304,0.043478260869565216,ec105
3400,44,0.7045454545454546,0.1590909090909091,0.09090909090909091,0.045454545454545456,ec105
3500,46,0.717391304347826,0.17391304347826086,0.06521739130434782,0.043478260869565216,ec105
3600,45,0.6888888888888889,0.13333333333333333,0.08888888888888889,0.08888888888888889,ec105
3700,50,0.74,0.14,0.08,0.04,ec105
3800,50,0.76,0.14,0.06,0.04,ec105
3900,47,0.7872340425531915,0.10638297872340426,0.06382978723404255,0.0425531914893617,ec105
4000,50,0.78,0.12,0.06,0.04,ec105
4100,50,0.86,0.08,0.02,0.04,ec105
4200,50,0.82,0.08,0.04,0.06,ec105
4300,47,0.8085106382978723,0.0851063829787234,0.06382978723404255,0.0425531914893617,ec105
4400,50,0.84,0.04,0.08,0.04,ec105
4500,51,0.8431372549019608,0.0392156862745098,0.058823529411764705,0.058823529411764705,ec105
4600,50,0.86,0.02,0.06,0.06,ec105
4700,50,0.88,0.02,0.06,0.04,ec105
4800,51,0.8823529411764706,0.0196078431372549,0.058823529411764705,0.0392156862745098,ec105
4900,51,0.8627450980392157,0.0392156862745098,0.058823529411764705,0.0392156862745098,ec105
5000,50,0.88,0.04,0.04,0.04,ec105
5100,0,,,,,ec105
5200,0,,,,,ec105
5300,0,,,,,ec105
5400,0,,,,,ec105
0,0,,,,,ec106
100,11,0.18181818181818182,0.18181818181818182,0.0,0.6363636363636364,ec106
200,14,0.21428571428571427,0.14285714285714285,0.07142857142857142,0.5714285714285714,ec106
300,33,0.36363636363636365,0.3333333333333333,0.2727272727272727,0.030303030303030304,ec106
400,39,0.358974358974359,0.3333333333333333,0.28205128205128205,0.02564102564102564,ec106
500,34,0.3235294117647059,0.29411764705882354,0.38235294117647056,0.0,ec106
600,36,0.3888888888888889,0.2222222222222222,0.3611111111111111,0.027777777777777776,ec106
700,36,0.4166666666666667,0.2777777777777778,0.3055555555555556,0.0,ec106
800,35,0.4,0.2857142857142857,0.3142857142857143,0.0,ec106
900,36,0.5555555555555556,0.25,0.19444444444444445,0.0,ec106
1000,33,0.696969696969697,0.15151515151515152,0.15151515151515152,0.0,ec106
1100,34,0.7352941176470589,0.08823529411764706,0.11764705882352941,0.058823529411764705,ec106
1200,34,0.7647058823529411,0.08823529411764706,0.11764705882352941,0.029411764705882353,ec106
1300,32,0.71875,0.15625,0.09375,0.03125,ec106
1400,30,0.7,0.13333333333333333,0.13333333333333333,0.03333333333333333,ec106
1500,35,0.7714285714285715,0.14285714285714285,0.08571428571428572,0.0,ec106
1600,37,0.7297297297297297,0.10810810810810811,0.16216216216216217,0.0,ec106
1700,35,0.6285714285714286,0.11428571428571428,0.22857142857142856,0.02857142857142857,ec106
1800,35,0.6571428571428571,0.11428571428571428,0.22857142857142856,0.0,ec106
1900,40,0.7,0.125,0.175,0.0,ec106
2000,39,0.6666666666666666,0.15384615384615385,0.1794871794871795,0.0,ec106
2100,33,0.7575757575757576,0.18181818181818182,0.06060606060606061,0.0,ec106
2200,38,0.6842105263157895,0.21052631578947367,0.07894736842105263,0.02631578947368421,ec106
2300,38,0.6842105263157895,0.18421052631578946,0.10526315789473684,0.02631578947368421,ec106
2400,38,0.6578947368421053,0.21052631578947367,0.13157894736842105,0.0,ec106
2500,35,0.6857142857142857,0.22857142857142856,0.08571428571428572,0.0,ec106
2600,37,0.6756756756756757,0.24324324324324326,0.08108108108108109,0.0,ec106
2700,37,0.7297297297297297,0.1891891891891892,0.08108108108108109,0.0,ec106
2800,39,0.7435897435897436,0.20512820512820512,0.05128205128205128,0.0,ec106
2900,39,0.717948717948718,0.20512820512820512,0.05128205128205128,0.02564102564102564,ec106
3000,37,0.7027027027027027,0.16216216216216217,0.10810810810810811,0.02702702702702703,ec106
3100,38,0.7631578947368421,0.07894736842105263,0.15789473684210525,0.0,ec106
3200,36,0.8333333333333334,0.05555555555555555,0.1111111111111111,0.0,ec106
3300,37,0.8108108108108109,0.08108108108108109,0.10810810810810811,0.0,ec106
3400,37,0.8108108108108109,0.08108108108108109,0.10810810810810811,0.0,ec106
3500,39,0.7948717948717948,0.07692307692307693,0.1282051282051282,0.0,ec106
3600,36,0.8611111111111112,0.05555555555555555,0.08333333333333333,0.0,ec106
3700,40,0.8,0.1,0.1,0.0,ec106
3800,38,0.8421052631578947,0.10526315789473684,0.05263157894736842,0.0,ec106
3900,39,0.8205128205128205,0.10256410256410256,0.07692307692307693,0.0,ec106
4000,38,0.8157894736842105,0.10526315789473684,0.07894736842105263,0.0,ec106
4100,36,0.8055555555555556,0.1388888888888889,0.05555555555555555,0.0,ec106
4200,39,0.7692307692307693,0.1282051282051282,0.10256410256410256,0.0,ec106
4300,40,0.8,0.1,0.1,0.0,ec106
4400,36,0.8611111111111112,0.08333333333333333,0.05555555555555555,0.0,ec106
4500,40,0.85,0.1,0.0,0.05,ec106
4600,38,0.8421052631578947,0.10526315789473684,0.0,0.05263157894736842,ec106
4700,39,0.8717948717948718,0.1282051282051282,0.0,0.0,ec106
4800,40,0.9,0.1,0.0,0.0,ec106
4900,36,0.9166666666666666,0.08333333333333333,0.0,0.0,ec106
5000,38,0.9210526315789473,0.07894736842105263,0.0,0.0,ec106
5100,0,,,,,ec106
5200,0,,,,,ec106
5300,0,,,,,ec106
5400,0,,,,,ec106
0,0,,,,,ec107
100,10,0.1,0.1,0.0,0.8,ec107
200,16,0.0625,0.125,0.0625,0.75,ec107
300,33,0.18181818181818182,0.48484848484848486,0.15151515151515152,0.18181818181818182,ec107
400,57,0.2631578947368421,0.40350877192982454,0.2631578947368421,0.07017543859649122,ec107
500,56,0.2857142857142857,0.4107142857142857,0.2857142857142857,0.017857142857142856,ec107
600,54,0.3888888888888889,0.3333333333333333,0.2777777777777778,0.0,ec107
700,47,0.6382978723404256,0.14893617021276595,0.2127659574468085,0.0,ec107
800,49,0.8163265306122449,0.08163265306122448,0.10204081632653061,0.0,ec107
900,52,0.9038461538461539,0.019230769230769232,0.07692307692307693,0.0,ec107
1000,55,0.9636363636363636,0.0,0.03636363636363636,0.0,ec107
1100,51,0.9803921568627451,0.0,0.0196078431372549,0.0,ec107
1200,45,0.9555555555555556,0.0,0.044444444444444446,0.0,ec107
1300,42,0.9523809523809523,0.0,0.047619047619047616,0.0,ec107
1400,50,0.9,0.02,0.08,0.0,ec107
1500,51,0.8627450980392157,0.0196078431372549,0.11764705882352941,0.0,ec107
1600,50,0.82,0.02,0.14,0.02,ec107
1700,46,0.7391304347826086,0.08695652173913043,0.15217391304347827,0.021739130434782608,ec107
1800,50,0.7,0.12,0.14,0.04,ec107
1900,49,0.6326530612244898,0.14285714285714285,0.14285714285714285,0.08163265306122448,ec107
2000,53,0.5660377358490566,0.1509433962264151,0.20754716981132076,0.07547169811320754,ec107
2100,46,0.5652173913043478,0.15217391304347827,0.21739130434782608,0.06521739130434782,ec107
2200,48,0.5416666666666666,0.20833333333333334,0.16666666666666666,0.08333333333333333,ec107
2300,46,0.6304347826086957,0.15217391304347827,0.17391304347826086,0.043478260869565216,ec107
2400,46,0.6304347826086957,0.10869565217391304,0.21739130434782608,0.043478260869565216,ec107
2500,49,0.6938775510204082,0.12244897959183673,0.14285714285714285,0.04081632653061224,ec107
2600,54,0.6296296296296297,0.16666666666666666,0.18518518518518517,0.018518518518518517,ec107
2700,54,0.6481481481481481,0.16666666666666666,0.16666666666666666,0.018518518518518517,ec107
2800,57,0.6491228070175439,0.17543859649122806,0.17543859649122806,0.0,ec107
2900,56,0.6607142857142857,0.17857142857142858,0.14285714285714285,0.017857142857142856,ec107
3000,59,0.711864406779661,0.1694915254237288,0.1016949152542373,0.01694915254237288,ec107
3100,57,0.7543859649122807,0.12280701754385964,0.12280701754385964,0.0,ec107
3200,58,0.8275862068965517,0.06896551724137931,0.10344827586206896,0.0,ec107
3300,60,0.8833333333333333,0.06666666666666667,0.05,0.0,ec107
3400,60,0.9,0.05,0.03333333333333333,0.016666666666666666,ec107
3500,60,0.9166666666666666,0.03333333333333333,0.03333333333333333,0.016666666666666666,ec107
3600,60,0.9333333333333333,0.03333333333333333,0.03333333333333333,0.0,ec107
3700,61,0.9180327868852459,0.03278688524590164,0.04918032786885246,0.0,ec107
3800,61,0.9508196721311475,0.01639344262295082,0.03278688524590164,0.0,ec107
3900,60,0.9166666666666666,0.016666666666666666,0.05,0.016666666666666666,ec107
4000,59,0.9322033898305084,0.0,0.05084745762711865,0.01694915254237288,ec107
4100,61,0.9672131147540983,0.0,0.03278688524590164,0.0,ec107
4200,62,0.967741935483871,0.0,0.03225806451612903,0.0,ec107
4300,60,0.9833333333333333,0.0,0.016666666666666666,0.0,ec107
4400,60,0.9833333333333333,0.0,0.016666666666666666,0.0,ec107
4500,62,0.967741935483871,0.0,0.03225806451612903,0.0,ec107
4600,62,0.9516129032258065,0.0,0.04838709677419355,0.0,ec107
4700,60,0.9833333333333333,0.0,0.016666666666666666,0.0,ec107
4800,60,0.9833333333333333,0.016666666666666666,0.0,0.0,ec107
4900,61,0.9508196721311475,0.03278688524590164,0.01639344262295082,0.0,ec107
5000,62,0.9516129032258065,0.03225806451612903,0.016129032258064516,0.0,ec107
5100,0,,,,,ec107
5200,0,,,,,ec107
5300,0,,,,,ec107
5400,0,,,,,ec107
0,0,,,,,ec108
100,7,0.0,0.14285714285714285,0.14285714285714285,0.7142857142857143,ec108
200,12,0.0,0.25,0.08333333333333333,0.6666666666666666,ec108
300,22,0.13636363636363635,0.5,0.18181818181818182,0.18181818181818182,ec108
400,55,0.16363636363636364,0.509090909090909,0.2909090909090909,0.03636363636363636,ec108
500,51,0.17647058823529413,0.5098039215686274,0.29411764705882354,0.0196078431372549,ec108
600,50,0.18,0.48,0.34,0.0,ec108
700,43,0.3023255813953488,0.3023255813953488,0.3488372093023256,0.046511627906976744,ec108
800,45,0.5111111111111111,0.13333333333333333,0.28888888888888886,0.06666666666666667,ec108
900,51,0.6274509803921569,0.058823529411764705,0.2549019607843137,0.058823529411764705,ec108
1000,49,0.6530612244897959,0.08163265306122448,0.2653061224489796,0.0,ec108
1100,47,0.8085106382978723,0.06382978723404255,0.1276595744680851,0.0,ec108
1200,45,0.8222222222222222,0.022222222222222223,0.15555555555555556,0.0,ec108
1300,49,0.7959183673469388,0.061224489795918366,0.14285714285714285,0.0,ec108
1400,48,0.75,0.0625,0.16666666666666666,0.020833333333333332,ec108
1500,37,0.7837837837837838,0.05405405405405406,0.16216216216216217,0.0,ec108
1600,41,0.6829268292682927,0.0975609756097561,0.17073170731707318,0.04878048780487805,ec108
1700,36,0.6666666666666666,0.1388888888888889,0.19444444444444445,0.0,ec108
1800,40,0.675,0.15,0.15,0.025,ec108
1900,43,0.627906976744186,0.16279069767441862,0.13953488372093023,0.06976744186046512,ec108
2000,47,0.5957446808510638,0.1276595744680851,0.19148936170212766,0.0851063829787234,ec108
2100,43,0.6511627906976745,0.09302325581395349,0.23255813953488372,0.023255813953488372,ec108
2200,49,0.5918367346938775,0.16326530612244897,0.22448979591836735,0.02040816326530612,ec108
2300,48,0.5625,0.22916666666666666,0.1875,0.020833333333333332,ec108
2400,46,0.5652173913043478,0.17391304347826086,0.21739130434782608,0.043478260869565216,ec108
2500,51,0.5490196078431373,0.1568627450980392,0.21568627450980393,0.0784313725490196,ec108
2600,45,0.5111111111111111,0.2222222222222222,0.2,0.06666666666666667,ec108
2700,52,0.5769230769230769,0.21153846153846154,0.15384615384615385,0.057692307692307696,ec108
2800,52,0.6730769230769231,0.15384615384615385,0.15384615384615385,0.019230769230769232,ec108
2900,53,0.6226415094339622,0.1509433962264151,0.1320754716981132,0.09433962264150944,ec108
3000,52,0.6153846153846154,0.17307692307692307,0.1346153846153846,0.07692307692307693,ec108
3100,51,0.6470588235294118,0.21568627450980393,0.0784313725490196,0.058823529411764705,ec108
3200,52,0.6538461538461539,0.17307692307692307,0.09615384615384616,0.07692307692307693,ec108
3300,52,0.6538461538461539,0.15384615384615385,0.07692307692307693,0.11538461538461539,ec108
3400,52,0.6923076923076923,0.17307692307692307,0.038461538461538464,0.09615384615384616,ec108
3500,54,0.7037037037037037,0.2037037037037037,0.037037037037037035,0.05555555555555555,ec108
3600,51,0.7450980392156863,0.17647058823529413,0.0392156862745098,0.0392156862745098,ec108
3700,54,0.7037037037037037,0.14814814814814814,0.09259259259259259,0.05555555555555555,ec108
3800,54,0.7037037037037037,0.14814814814814814,0.09259259259259259,0.05555555555555555,ec108
3900,55,0.6909090909090909,0.14545454545454545,0.12727272727272726,0.03636363636363636,ec108
4000,59,0.6271186440677966,0.15254237288135594,0.15254237288135594,0.06779661016949153,ec108
4100,55,0.6181818181818182,0.16363636363636364,0.16363636363636364,0.05454545454545454,ec108
4200,56,0.6071428571428571,0.19642857142857142,0.16071428571428573,0.03571428571428571,ec108
4300,59,0.6440677966101694,0.15254237288135594,0.1694915254237288,0.03389830508474576,ec108
4400,59,0.6610169491525424,0.13559322033898305,0.1694915254237288,0.03389830508474576,ec108
4500,58,0.6896551724137931,0.1206896551724138,0.15517241379310345,0.034482758620689655,ec108
4600,56,0.7142857142857143,0.10714285714285714,0.14285714285714285,0.03571428571428571,ec108
4700,59,0.7288135593220338,0.1016949152542373,0.13559322033898305,0.03389830508474576,ec108
4800,56,0.7321428571428571,0.07142857142857142,0.10714285714285714,0.08928571428571429,ec108
4900,58,0.7586206896551724,0.06896551724137931,0.08620689655172414,0.08620689655172414,ec108
5000,58,0.7931034482758621,0.05172413793103448,0.08620689655172414,0.06896551724137931,ec108
5100,0,,,,,ec108
5200,0,,,,,ec108
5300,0,,,,,ec108
5400,0,,,,,ec108
0,0,,,,,ec109
100,14,0.14285714285714285,0.07142857142857142,0.07142857142857142,0.7142857142857143,ec109
200,22,0.09090909090909091,0.13636363636363635,0.045454545454545456,0.7272727272727273,ec109
300,37,0.10810810810810811,0.2972972972972973,0.2702702702702703,0.32432432432432434,ec109
400,40,0.125,0.375,0.375,0.125,ec109
500,43,0.16279069767441862,0.4418604651162791,0.3488372093023256,0.046511627906976744,ec109
600,42,0.14285714285714285,0.38095238095238093,0.4523809523809524,0.023809523809523808,ec109
700,37,0.24324324324324326,0.40540540540540543,0.2972972972972973,0.05405405405405406,ec109
800,40,0.5,0.3,0.2,0.0,ec109
900,42,0.6190476190476191,0.21428571428571427,0.14285714285714285,0.023809523809523808,ec109
1000,44,0.7272727272727273,0.1590909090909091,0.09090909090909091,0.022727272727272728,ec109
1100,45,0.7777777777777778,0.13333333333333333,0.08888888888888889,0.0,ec109
1200,40,0.85,0.1,0.05,0.0,ec109
1300,41,0.7804878048780488,0.12195121951219512,0.0975609756097561,0.0,ec109
1400,40,0.8,0.15,0.05,0.0,ec109
1500,44,0.75,0.11363636363636363,0.11363636363636363,0.022727272727272728,ec109
1600,41,0.6341463414634146,0.17073170731707318,0.12195121951219512,0.07317073170731707,ec109
1700,41,0.4634146341463415,0.2682926829268293,0.24390243902439024,0.024390243902439025,ec109
1800,44,0.38636363636363635,0.29545454545454547,0.29545454545454547,0.022727272727272728,ec109
1900,43,0.3488372093023256,0.3023255813953488,0.32558139534883723,0.023255813953488372,ec109
2000,44,0.25,0.2727272727272727,0.4318181818181818,0.045454545454545456,ec109
2100,45,0.26666666666666666,0.26666666666666666,0.4,0.06666666666666667,ec109
2200,39,0.23076923076923078,0.28205128205128205,0.4358974358974359,0.05128205128205128,ec109
2300,43,0.2558139534883721,0.3023255813953488,0.37209302325581395,0.06976744186046512,ec109
2400,32,0.3125,0.25,0.375,0.0625,ec109
2500,34,0.4117647058823529,0.20588235294117646,0.3235294117647059,0.058823529411764705,ec109
2600,33,0.45454545454545453,0.15151515151515152,0.3333333333333333,0.06060606060606061,ec109
2700,33,0.5454545454545454,0.09090909090909091,0.30303030303030304,0.06060606060606061,ec109
2800,36,0.6111111111111112,0.05555555555555555,0.25,0.08333333333333333,ec109
2900,37,0.6486486486486487,0.08108108108108109,0.21621621621621623,0.05405405405405406,ec109
3000,40,0.725,0.075,0.125,0.075,ec109
3100,41,0.7317073170731707,0.0975609756097561,0.12195121951219512,0.04878048780487805,ec109
3200,40,0.675,0.175,0.15,0.0,ec109
3300,37,0.6756756756756757,0.1891891891891892,0.13513513513513514,0.0,ec109
3400,37,0.7027027027027027,0.16216216216216217,0.13513513513513514,0.0,ec109
3500,34,0.7941176470588235,0.14705882352941177,0.058823529411764705,0.0,ec109
3600,40,0.825,0.125,0.05,0.0,ec109
3700,45,0.8222222222222222,0.13333333333333333,0.044444444444444446,0.0,ec109
3800,46,0.782608695652174,0.17391304347826086,0.043478260869565216,0.0,ec109
3900,44,0.8409090909090909,0.13636363636363635,0.022727272727272728,0.0,ec109
4000,44,0.7954545454545454,0.1590909090909091,0.022727272727272728,0.022727272727272728,ec109
4100,46,0.7391304347826086,0.15217391304347827,0.06521739130434782,0.043478260869565216,ec109
4200,45,0.7333333333333333,0.13333333333333333,0.06666666666666667,0.06666666666666667,ec109
4300,44,0.7954545454545454,0.11363636363636363,0.06818181818181818,0.022727272727272728,ec109
4400,43,0.7674418604651163,0.13953488372093023,0.06976744186046512,0.023255813953488372,ec109
4500,46,0.782608695652174,0.10869565217391304,0.043478260869565216,0.06521739130434782,ec109
4600,45,0.7777777777777778,0.1111111111111111,0.044444444444444446,0.06666666666666667,ec109
4700,48,0.7916666666666666,0.14583333333333334,0.020833333333333332,0.041666666666666664,ec109
4800,46,0.8478260869565217,0.10869565217391304,0.021739130434782608,0.021739130434782608,ec109
4900,45,0.8666666666666667,0.13333333333333333,0.0,0.0,ec109
5000,44,0.9090909090909091,0.09090909090909091,0.0,0.0,ec109
5100,0,,,,,ec109
5200,0,,,,,ec109
5300,0,,,,,ec109
5400,0,,,,,ec109
